0090108287
0090108364
0090107029
0090107153
0090107124
0090106636
0090106641
0090108089
0090108067
0090108184
0090108010
0090107617
0090107783
0090107660
0090106981
0090106815
0090106862
0090106438
0090106918
0090108457
0090106542
0090106535
0090108420
0090107227
0090107250
0090106868
0090106432
0090108527
0090106445
0090106965
0090106912
0090106886
0090106548
0090107357
0090107320
0090108117
0090108083
0090108160
0090107767
0090107684
0090107710
0090107789
0090108017
0090108183
0090108060
0090107667
0090107784
0090107610
0090107689
0090106968
0090106532
0090106545
0090108450
0090106865
0090106812
0090106448
0090106986
0090107257
0090107220
0090106881
0090106915
0090106962
0090106538
0090106818
0090106442
0090108520
0090106435
0090107327
0090107350
0090108167
0090108084
0090108110
0090107717
0090107683
0090107760
0090107129
0090107053
0090107024
0090106736
0090106741
0090107934
0090107519
0090107943
0090107463
0090107839
0090107580
0090107414
0090108369
0090108213
0090108387
0090106371
0090108264
0090107513
0090107949
0090107487
0090107844
0090107469
0090107833
0090108363
0090108280
0090106395
0090108314
0090108219
0090107123
0090107154
0090107059
0090106646
0090106631
0090107386
0090107212
0090107265
0090107368
0090108462
0090106577
0090106500
0090108415
0090106494
0090106820
0090106599
0090106857
0090108518
0090107622
0090107655
0090108052
0090108025
0090108128
0090107628
0090107752
0090107725
0090108058
0090108122
0090108155
0090107218
0090107362
0090107315
0090107281
0090106950
0090106927
0090108468
0090106593
0090108486
0090106407
0090108512
0090106470
0090108256
0090106343
0090106334
0090107971
0090107892
0090107906
0090107426
0090107451
0090106609
0090106773
0090106704
0090106690
0090107182
0090107016
0090107061
0090106797
0090106603
0090106674
0090106779
0090107166
0090107111
0090107085
0090107188
0090108326
0090108351
0090106349
0090107898
0090107556
0090107521
0090107801
0090107995
0090107876
0090108097
0090108103
0090108079
0090107704
0090107690
0090107773
0090107609
0090106451
0090108533
0090106426
0090108449
0090106892
0090106906
0090106971
0090107334
0090107343
0090107239
0090108539
0090106876
0090106801
0090106995
0090108434
0090106521
0090106556
0090106898
0090108443
0090107349
0090107244
0090107233
0090108004
0090108190
0090108073
0090107779
0090107674
0090107797
0090107603
0090107130
0090107147
0090106758
0090106655
0090106622
0090107857
0090107599
0090107820
0090107500
0090107494
0090107577
0090106368
0090108370
0090108293
0090106386
0090108307
0090107470
0090107593
0090107407
0090107927
0090107950
0090108200
0090108394
0090106362
0090108277
0090108299
0090107040
0090107037
0090106725
0090106752
0090106628
0090107371
0090107306
0090107292
0090106580
0090108495
0090106414
0090108501
0090106463
0090106839
0090106943
0090106934
0090107741
0090107736
0090108131
0090108146
0090107631
0090107646
0090108041
0090108036
0090107298
0090107395
0090107201
0090107276
0090106469
0090106833
0090106844
0090108471
0090106564
0090108406
0090106487
0090106949
0090108238
0090108335
0090108342
0090107812
0090107986
0090107448
0090107865
0090107545
0090107968
0090107532
0090106689
0090106784
0090106610
0090106667
0090107078
0090107175
0090107102
0090107096
0090106760
0090106717
0090106683
0090107191
0090107005
0090107072
0090107108
0090108245
0090106350
0090106327
0090108232
0090108348
0090107435
0090107818
0090107442
0090107962
0090107538
0090107881
0090107915
0090108475
0090106560
0090106483
0090108402
0090106837
0090106840
0090107205
0090107391
0090107272
0090107308
0090108032
0090108148
0090107635
0090107642
0090107738
0090108038
0090108135
0090108142
0090107648
0090107745
0090107732
0090106489
0090106947
0090106930
0090106410
0090108505
0090106584
0090108491
0090106467
0090107278
0090107375
0090107296
0090107302
0090107966
0090107911
0090107885
0090107431
0090107988
0090107446
0090108241
0090106354
0090108236
0090107098
0090107001
0090107195
0090107076
0090106669
0090106764
0090106687
0090106713
0090107171
0090107092
0090107106
0090106614
0090106780
0090106663
0090106719
0090107541
0090107536
0090107982
0090107816
0090107861
0090108331
0090108346
0090106329
0090107670
0090107607
0090107793
0090108194
0090108000
0090108077
0090108099
0090107240
0090107237
0090108430
0090106525
0090106908
0090106552
0090108447
0090106872
0090106428
0090106991
0090106805
0090107330
0090107347
0090106902
0090106558
0090106896
0090106975
0090106455
0090106878
0090108537
0090106422
0090107799
0090107694
0090107700
0090107777
0090108170
0090108107
0090108093
0090106721
0090106756
0090107149
0090107044
0090107033
0090108309
0090106388
0090108390
0090108204
0090106366
0090108273
0090107579
0090107923
0090107954
0090107474
0090107859
0090107597
0090108374
0090108303
0090106382
0090108279
0090107490
0090107504
0090107573
0090107929
0090107409
0090107853
0090107824
0090106651
0090106626
0090107134
0090107143
0090107039
0090106403
0090108516
0090106597
0090106859
0090108482
0090106474
0090106954
0090106579
0090106923
0090107366
0090107285
0090107311
0090107388
0090108126
0090108151
0090107721
0090108056
0090108021
0090107626
0090107651
0090106824
0090106409
0090108488
0090106853
0090108466
0090106573
0090106929
0090106490
0090106504
0090108411
0090107216
0090107382
0090107261
0090107991
0090107805
0090107428
0090107908
0090107552
0090108258
0090108322
0090108355
0090107018
0090107162
0090107081
0090107115
0090106607
0090106793
0090106670
0090107012
0090107186
0090107065
0090107168
0090106777
0090106694
0090106700
0090106799
0090107878
0090107422
0090107455
0090107975
0090107902
0090107896
0090107558
0090108252
0090106347
0090106330
0090108225
0090108328
0090107687
0090107713
0090107764
0090107669
0090108163
0090108114
0090108080
0090108019
0090107323
0090107354
0090107259
0090106446
0090106988
0090108524
0090106431
0090106911
0090106885
0090108429
0090106966
0090107329
0090107253
0090107224
0090106861
0090106982
0090106816
0090108423
0090106536
0090106541
0090108454
0090107719
0090107663
0090107614
0090107780
0090108169
0090108187
0090108013
0090108064
0090106738
0090106642
0090106635
0090107127
0090107150
0090108389
0090108367
0090108310
0090108284
0090106391
0090107840
0090107837
0090107483
0090107517
0090107560
0090108383
0090108217
0090106375
0090108260
0090107467
0090107410
0090107584
0090107930
0090107947
0090107489
0090106732
0090106745
0090106648
0090107057
0090107020
0090106632
0090106645
0090106748
0090107157
0090107120
0090108283
0090108317
0090106378
0090107567
0090107510
0090107484
0090107830
0090107589
0090107847
0090108289
0090108267
0090106372
0090108210
0090108384
0090107940
0090107937
0090107583
0090107417
0090107460
0090106638
0090106742
0090106735
0090107027
0090107050
0090107619
0090107763
0090107714
0090107680
0090108069
0090108087
0090108113
0090108164
0090107229
0090107353
0090107324
0090106961
0090108459
0090106882
0090106916
0090106436
0090108523
0090106441
0090107223
0090107254
0090107359
0090106888
0090108453
0090106546
0090106531
0090108424
0090106811
0090106985
0090108529
0090106866
0090107787
0090107613
0090107664
0090107769
0090108063
0090108014
0090108180
0090108119
0090107978
0090107522
0090107555
0090107875
0090107802
0090107458
0090107996
0090108352
0090108325
0090108228
0090107112
0090107086
0090107165
0090107068
0090106677
0090106794
0090106699
0090107118
0090107062
0090107181
0090107015
0090106707
0090106693
0090106770
0090107891
0090107905
0090107972
0090107528
0090107808
0090107452
0090107425
0090108358
0090108222
0090106337
0090106340
0090108255
0090106924
0090106953
0090106473
0090106829
0090108485
0090106590
0090108511
0090106404
0090107316
0090107282
0090107361
0090108156
0090108121
0090107726
0090107751
0090108026
0090108051
0090107656
0090108416
0090106503
0090106959
0090106497
0090106574
0090108461
0090106854
0090106479
0090106823
0090107266
0090107385
0090107211
0090107288
0090106751
0090106726
0090107034
0090107043
0090107139
0090108274
0090106361
0090108203
0090108397
0090108379
0090107590
0090107473
0090107829
0090107509
0090107924
0090108209
0090106385
0090108290
0090108304
0090108373
0090107479
0090107823
0090107854
0090107574
0090107503
0090107497
0090107959
0090106621
0090106656
0090107049
0090107144
0090107133
0090107699
0090107794
0090107600
0090107677
0090108070
0090108007
0090108193
0090107230
0090107247
0090106802
0090106996
0090106458
0090106875
0090108440
0090106555
0090106978
0090106522
0090108437
0090107340
0090107337
0090106425
0090108530
0090106808
0090106452
0090106972
0090106528
0090106891
0090106905
0090107770
0090107707
0090107693
0090108094
0090108100
0090108177
0090108199
0090107441
0090107436
0090107882
0090107916
0090107961
0090108231
0090106353
0090108246
0090107071
0090107192
0090107006
0090106714
0090106680
0090106763
0090106619
0090107198
0090107095
0090107176
0090106769
0090106664
0090106787
0090106613
0090107866
0090107811
0090107985
0090107531
0090107546
0090106359
0090108341
0090106847
0090106589
0090108508
0090106830
0090108405
0090106510
0090106484
0090106567
0090108472
0090107378
0090107275
0090107396
0090107202
0090108138
0090108035
0090108042
0090107748
0090107645
0090107632
0090108145
0090108132
0090107735
0090107742
0090107638
0090106460
0090108496
0090106583
0090108502
0090106417
0090106937
0090108478
0090106940
0090107305
0090107291
0090107372
0090107208
0090108108
0090108072
0090108005
0090108191
0090107778
0090107796
0090107602
0090107675
0090106800
0090106994
0090108538
0090106877
0090108442
0090106899
0090106557
0090106520
0090108435
0090107348
0090107232
0090107245
0090106427
0090108532
0090106450
0090106970
0090106893
0090108448
0090106907
0090107342
0090107335
0090107238
0090108096
0090108102
0090108175
0090108078
0090107772
0090107705
0090107691
0090107608
0090107036
0090107041
0090106753
0090106724
0090106629
0090107592
0090107406
0090107471
0090107951
0090107926
0090108276
0090106363
0090108201
0090108395
0090108298
0090107821
0090107598
0090107856
0090107576
0090107501
0090107495
0090106369
0090106387
0090108292
0090108306
0090108371
0090107146
0090107131
0090106759
0090106623
0090106654
0090107299
0090107277
0090107394
0090107200
0090106845
0090106468
0090106832
0090108407
0090106512
0090106948
0090106486
0090106565
0090108470
0090107647
0090107630
0090108037
0090108040
0090107737
0090107740
0090108147
0090108130
0090107307
0090107293
0090107370
0090106462
0090106838
0090108494
0090106581
0090108500
0090106415
0090106935
0090106518
0090106942
0090108233
0090106326
0090106351
0090108244
0090108349
0090107819
0090107443
0090107434
0090107880
0090107914
0090107963
0090107539
0090106716
0090106682
0090107073
0090107190
0090107004
0090107109
0090106688
0090106666
0090106785
0090106611
0090107079
0090107103
0090107097
0090107174
0090108239
0090108343
0090108334
0090107864
0090107813
0090107449
0090107987
0090107969
0090107533
0090107544
0090108188
0090108085
0090108111
0090108166
0090107761
0090107716
0090107682
0090106963
0090106539
0090106880
0090106914
0090106434
0090108521
0090106819
0090106443
0090107351
0090107326
0090108451
0090106544
0090106969
0090106533
0090108426
0090106813
0090106987
0090106449
0090106864
0090107221
0090107256
0090108061
0090108016
0090108182
0090107785
0090107611
0090107666
0090107688
0090107155
0090107122
0090107058
0090106630
0090106647
0090107565
0090107512
0090107486
0090107948
0090107468
0090107832
0090107845
0090106394
0090108281
0090108315
0090108362
0090107518
0090107942
0090107935
0090107581
0090107415
0090107462
0090107838
0090108368
0090108265
0090106370
0090108212
0090108386
0090107128
0090107025
0090107052
0090106740
0090106737
0090107219
0090107314
0090107363
0090106926
0090108469
0090106951
0090106471
0090108487
0090106592
0090108513
0090106406
0090107629
0090107724
0090107753
0090108059
0090108154
0090107654
0090107623
0090108024
0090108053
0090108129
0090107264
0090107387
0090107213
0090107369
0090108414
0090106501
0090106495
0090106576
0090108463
0090106856
0090106598
0090106821
0090108350
0090108327
0090106348
0090107520
0090107557
0090107899
0090107877
0090107800
0090107994
0090106675
0090106796
0090106602
0090106778
0090107110
0090107084
0090107167
0090107189
0090106608
0090106705
0090106691
0090106772
0090107060
0090107183
0090107017
0090108220
0090106335
0090106342
0090108257
0090107893
0090107907
0090107450
0090107427
0090106338
0090108320
0090108357
0090107993
0090107807
0090107870
0090107550
0090107527
0090106605
0090106791
0090106672
0090107160
0090107083
0090107117
0090106775
0090106696
0090106702
0090106678
0090107010
0090107184
0090107067
0090107089
0090108250
0090106345
0090106332
0090108227
0090107420
0090107999
0090107457
0090107977
0090107900
0090107894
0090107364
0090107313
0090107269
0090106401
0090108514
0090106595
0090108480
0090106476
0090106498
0090106956
0090108419
0090106921
0090107754
0090107723
0090107659
0090108124
0090108153
0090108029
0090107729
0090107624
0090107653
0090108159
0090108054
0090108023
0090107319
0090107214
0090107380
0090107263
0090106826
0090108464
0090106571
0090106492
0090106506
0090108413
0090107028
0090107125
0090107152
0090106640
0090106637
0090107418
0090107842
0090107835
0090107481
0090107515
0090107562
0090107938
0090108268
0090108365
0090108312
0090108286
0090106393
0090107465
0090107412
0090107848
0090107586
0090107568
0090107932
0090107945
0090108381
0090108215
0090106377
0090108262
0090108318
0090107055
0090107022
0090107158
0090106730
0090108161
0090108116
0090108082
0090107685
0090107711
0090107766
0090107788
0090106444
0090106869
0090108526
0090106433
0090106913
0090106549
0090106887
0090106964
0090107321
0090107356
0090106863
0090106439
0090106980
0090106814
0090108421
0090106534
0090106919
0090106543
0090108456
0090107251
0090107226
0090108088
0090108011
0090108066
0090107661
0090107616
0090107782
0090108339
0090108243
0090106356
0090108234
0090107964
0090107913
0090107887
0090107549
0090107869
0090107433
0090107444
0090106788
0090106766
0090106685
0090106711
0090107179
0090107003
0090107197
0090107074
0090106616
0090106782
0090106661
0090107173
0090107090
0090107104
0090107009
0090108333
0090108344
0090108249
0090107919
0090107543
0090107534
0090107980
0090107814
0090107863
0090107439
0090107207
0090107393
0090107270
0090108477
0090106562
0090106938
0090106481
0090108400
0090106835
0090106418
0090106842
0090108499
0090107637
0090107640
0090108030
0090107747
0090107730
0090108137
0090108140
0090107377
0090107294
0090107300
0090106945
0090106568
0090106932
0090106412
0090108507
0090106586
0090108493
0090106848
0090106465
0090107031
0090106659
0090106723
0090106754
0090107921
0090107956
0090107498
0090107476
0090107595
0090108392
0090108206
0090106364
0090108271
0090107492
0090107506
0090107571
0090107851
0090107826
0090108376
0090108301
0090108295
0090106380
0090108398
0090107136
0090107141
0090106653
0090106624
0090106729
0090108196
0090108002
0090108075
0090108178
0090107672
0090107605
0090107791
0090107708
0090108432
0090106527
0090106550
0090108445
0090106870
0090106993
0090106807
0090107242
0090107235
0090107338
0090106900
0090106894
0090108438
0090106977
0090106457
0090106999
0090108535
0090106420
0090107248
0090107332
0090107345
0090108008
0090108172
0090108105
0090108091
0090107678
0090107696
0090107702
0090107775
0090106657
0090106620
0090107048
0090107132
0090107145
0090108208
0090108372
0090108291
0090106384
0090108305
0090107855
0090107478
0090107822
0090107502
0090107958
0090107496
0090107575
0090108202
0090108396
0090108275
0090108378
0090107472
0090107828
0090107591
0090107925
0090107508
0090107952
0090106727
0090106750
0090107042
0090107035
0090107138
0090107706
0090107692
0090107771
0090108176
0090108095
0090108101
0090108198
0090107336
0090107341
0090106809
0090106453
0090108531
0090106424
0090106890
0090106904
0090106973
0090106529
0090107246
0090107231
0090106874
0090106803
0090106459
0090106997
0090106979
0090108436
0090106523
0090106554
0090108441
0090107698
0090107676
0090107795
0090107601
0090108192
0090108071
0090107810
0090107984
0090107867
0090107889
0090107547
0090107530
0090106358
0090108337
0090108340
0090107199
0090107177
0090107094
0090106768
0090106786
0090106612
0090106665
0090107193
0090107007
0090107070
0090106762
0090106715
0090106681
0090106618
0090107437
0090107440
0090107960
0090107883
0090107917
0090108247
0090106352
0090108230
0090106582
0090108497
0090106416
0090108503
0090106461
0090106941
0090106936
0090108479
0090107373
0090107304
0090107290
0090107209
0090108133
0090108144
0090108049
0090107743
0090107734
0090107639
0090108139
0090108043
0090108034
0090107749
0090107633
0090107644
0090106831
0090106588
0090106846
0090108509
0090108473
0090106566
0090108404
0090106485
0090107379
0090107203
0090107274
0090106639
0090106734
0090106743
0090107051
0090107026
0090108288
0090108211
0090106373
0090108266
0090107936
0090107941
0090107461
0090107582
0090107416
0090108282
0090108316
0090106379
0090107511
0090107485
0090107566
0090107846
0090107588
0090107831
0090106644
0090106633
0090106749
0090107121
0090107156
0090107665
0090107786
0090107612
0090107768
0090108015
0090108181
0090108062
0090108118
0090107255
0090107222
0090107358
0090108425
0090106530
0090106547
0090108452
0090106889
0090108528
0090106867
0090106810
0090106984
0090107228
0090107325
0090107352
0090106883
0090108458
0090106917
0090106960
0090106440
0090108522
0090106437
0090107618
0090107715
0090107681
0090107762
0090108068
0090108165
0090108086
0090108112
0090107973
0090107529
0090107890
0090107904
0090107424
0090107809
0090107453
0090108359
0090106341
0090106336
0090108223
0090107119
0090107180
0090107014
0090107063
0090106771
0090106706
0090106692
0090107164
0090107113
0090107087
0090107069
0090106795
0090106601
0090106676
0090106698
0090107554
0090107979
0090107523
0090107803
0090107997
0090107459
0090107874
0090108324
0090108353
0090108460
0090106502
0090108417
0090106496
0090106958
0090106822
0090106855
0090107384
0090107210
0090107267
0090107289
0090108050
0090108027
0090107620
0090107657
0090108120
0090108157
0090107750
0090107727
0090106952
0090106925
0090106591
0090108484
0090106405
0090108510
0090106472
0090106828
0090107360
0090107317
0090107283
0090106408
0090108489
0090106825
0090106491
0090108410
0090106505
0090106572
0090108467
0090106928
0090107260
0090107217
0090107383
0090108020
0090108057
0090107650
0090107627
0090108150
0090108127
0090107720
0090106475
0090108517
0090106402
0090106858
0090106596
0090106578
0090106922
0090106955
0090107284
0090107310
0090107367
0090107389
0090107454
0090107879
0090107423
0090107903
0090107559
0090107897
0090107974
0090108224
0090106331
0090106346
0090108253
0090108329
0090107064
0090107013
0090107187
0090107169
0090106695
0090106701
0090106776
0090106798
0090107019
0090107080
0090107114
0090107163
0090106671
0090106606
0090106792
0090107873
0090107429
0090107990
0090107804
0090107524
0090107909
0090107553
0090108259
0090108354
0090108323
0090107718
0090107615
0090107781
0090107662
0090108065
0090108186
0090108012
0090107328
0090107225
0090107252
0090106817
0090106860
0090108455
0090106540
0090106537
0090108422
0090107355
0090107322
0090107258
0090106430
0090108525
0090106989
0090106447
0090108428
0090106967
0090106910
0090106884
0090107765
0090107686
0090107712
0090107668
0090108115
0090108081
0090108162
0090108018
0090106744
0090106733
0090106649
0090107021
0090107056
0090108261
0090106374
0090108382
0090108216
0090107411
0090107585
0090107466
0090107488
0090107946
0090107931
0090108388
0090108311
0090106390
0090108285
0090108366
0090107836
0090107841
0090107561
0090107482
0090107516
0090106739
0090106634
0090106643
0090107151
0090107126
0090106931
0090106946
0090106488
0090108409
0090106466
0090108504
0090106411
0090108490
0090106585
0090107279
0090107297
0090107303
0090107374
0090108039
0090108143
0090108134
0090107649
0090107733
0090107744
0090108033
0090108044
0090108149
0090107643
0090107634
0090107739
0090106482
0090108403
0090106516
0090106561
0090108474
0090106841
0090106836
0090107273
0090107204
0090107390
0090107309
0090107537
0090107540
0090107860
0090107983
0090107817
0090108347
0090108330
0090106328
0090107093
0090107107
0090107170
0090106662
0090106615
0090106781
0090106718
0090107099
0090107077
0090107000
0090107194
0090106668
0090106686
0090106712
0090106765
0090107910
0090107884
0090107967
0090107447
0090107989
0090107430
0090108237
0090106355
0090108240
0090107798
0090107776
0090107695
0090107701
0090108106
0090108092
0090108171
0090107346
0090107331
0090106974
0090106903
0090106897
0090106559
0090106879
0090106423
0090108536
0090106454
0090107236
0090107241
0090106909
0090108446
0090106553
0090108431
0090106990
0090106804
0090106873
0090106429
0090107606
0090107792
0090107671
0090108076
0090108195
0090108001
0090108098
0090106627
0090106650
0090107142
0090107135
0090107038
0090108302
0090106383
0090108296
0090108375
0090108278
0090107572
0090107928
0090107491
0090107505
0090107825
0090107408
0090107852
0090108308
0090106389
0090108272
0090106367
0090108391
0090108205
0090107955
0090107578
0090107922
0090107596
0090107858
0090107475
0090106757
0090106720
0090107148
0090107032
0090107045
