0936 
0520 
0355 
0721 
0646 
0087 
0704 
0691 
0070 
0136 
0828 
0329 
0610 
0436 
0895 
0276 
0702 
0665 
0001 
0025 
0237 
0549 
0654 
0901 
0173 
0104 
0613 
0508 
0989 
0755 
0164 
0361 
0245 
0171 
0046 
0158 
0010 
0405 
0944 
0975 
0016 
0792 
0875 
0490 
0930 
0423 
0507 
0696 
0752 
0314 
0676 
0937 
0077 
0124 
0701 
0413 
0179 
0035 
0850 
0675 
0168 
0306 
0371 
0255 
0928 
0385 
0483 
0783 
0575 
0612 
0303 
0175 
0751 
0640 
0911 
0187 
0663 
0587 
0510 
0429 
0141 
0855 
0570 
0495 
0763 
0957 
0625 
0762 
0917 
0420 
0156 
0897 
0653 
0453 
0631 
0072 
0678 
0641 
0823 
0343 
0837 
0817 
0666 
0621 
0952 
0334 
0233 
0808 
0011 
0160 
0052 
0659 
0442 
0534 
0190 
0032 
0106 
0312 
0503 
0667 
0644 
0205 
0796 
0827 
0333 
0941 
0388 
0554 
0308 
1012 
0820 
0162 
0115 
0159 
0376 
0351 
0601 
0438 
0069 
0270 
0243 
0390 
0448 
0393 
0350 
0212 
0081 
0191 
0915 
0577 
0865 
0502 
0218 
0492 
0713 
0178 
0574 
0671 
0360 
0703 
0041 
0857 
0307 
0714 
0383 
0122 
0368 
0151 
0042 
0015 
0883 
0999 
0022 
0100 
0698 
0567 
0285 
0470 
0132 
0781 
0322 
0921 
0038 
0062 
0894 
0925 
0695 
0274 
0300 
0061 
0137 
0784 
0165 
0736 
0651 
0194 
0951 
0153 
0868 
0978 
0222 
0559 
0927 
0768 
0521 
0421 
0552 
0986 
0576 
0767 
0335 
0369 
0192 
0724 
0685 
0525 
0597 
0677 
0669 
0609 
0579 
0637 
0150 
0083 
0898 
0058 
0235 
0972 
0950 
0594 
0140 
0154 
0005 
0700 
0467 
0632 
0163 
1001 
0089 
0866 
0108 
0583 
0533 
0514 
0880 
0734 
0082 
0618 
0687 
0945 
0908 
0263 
0415 
0008 
0480 
0779 
0910 
0443 
0432 
0074 
0707 
0958 
0717 
0821 
0208 
0366 
0002 
0809 
0727 
0530 
0493 
0584 
0092 
0746 
0410 
0824 
0297 
0977 
0477 
0073 
0730 
0747 
0409 
0473 
0327 
0229 
0933 
0598 
0617 
0620 
0766 
0288 
0084 
0380 
0658 
0903 
1000 
0033 
0515 
0313 
0787 
0929 
0431 
0220 
0619 
0254 
0030 
0982 
0968 
0397 
0789 
0024 
0043 
0213 
0569 
0774 
0872 
0770 
0347 
0460 
0838 
0402 
0381 
0709 
0289 
0363 
0441 
0681 
0105 
0557 
1002 
0232 
0012 
0456 
0969 
0741 
0398 
0892 
0242 
0818 
0994 
0726 
0573 
0319 
0031 
0788 
0954 
0152 
0528 
0207 
0451 
0299 
0047 
0296 
0973 
0428 
0424 
0728 
0852 
0342 
0472 
0843 
0635 
0265 
0708 
0699 
0411 
0305 
0210 
0544 
0401 
0224 
0354 
0126 
0309 
0555 
0063 
0278 
0279 
0814 
0139 
0889 
0374 
0913 
0802 
0764 
0318 
0450 
0856 
0357 
0858 
0848 
0131 
0267 
0553 
0107 
0464 
0471 
0395 
0859 
0543 
0036 
0447 
0324 
0112 
0039 
0538 
0111 
0893 
0801 
0392 
0457 
0362 
0406 
0144 
0287 
0867 
0183 
0777 
0723 
0118 
0290 
0811 
0004 
0320 
0668 
0340 
0189 
0697 
0772 
0505 
0797 
0656 
0888 
0295 
0531 
0416 
0134 
0642 
0355 
0257 
0391 
0825 
0688 
1010 
0127 
0536 
0822 
0028 
0869 
0735 
0149 
0981 
0550 
0086 
0266 
0833 
0090 
0974 
0241 
0216 
0215 
0180 
0258 
0616 
0581 
0987 
0167 
0604 
0196 
0518 
0997 
0236 
0489 
0563 
0905 
0427 
0337 
0037 
0744 
0248 
0725 
0484 
0157 
0370 
0719 
0847 
0044 
0995 
0522 
1004 
0731 
0571 
0599 
0593 
0017 
0426 
0846 
0166 
0759 
0862 
0649 
0148 
0440 
0330 
0064 
0172 
0870 
0605 
0135 
0939 
0984 
0672 
0349 
0887 
0336 
0652 
0099 
0979 
0810 
0130 
0786 
0738 
0816 
0455 
0198 
0143 
0085 
0408 
0434 
0664 
0799 
0261 
0600 
0110 
0815 
0310 
0377 
0315 
0628 
0091 
0588 
0417 
0844 
0317 
0059 
0876 
0204 
0964 
0692 
0924 
0545 
0934 
0769 
0942 
0445 
0439 
0931 
0560 
0121 
0251 
0800 
0403 
0338 
0853 
0364 
0459 
0272 
0098 
0771 
0463 
0778 
0873 
0372 
0466 
0356 
0399 
0963 
0773 
0449 
0023 
0886 
0572 
0743 
0509 
0487 
0948 
0564 
0418 
0386 
0048 
0626 
0079 
0174 
0045 
0749 
0120 
0246 
0519 
0200 
0655 
0384 
0849 
0608 
0433 
0076 
0860 
0469 
0201 
0511 
0321 
0332 
0446 
0253 
0578 
0437 
0252 
0565 
0732 
0790 
0102 
0524 
1005 
0971 
0643 
0955 
0591 
0829 
0647 
0018 
0660 
0834 
0548 
0661 
0985 
0029 
0890 
0221 
0500 
0009 
0053 
0670 
0128 
0517 
0282 
0896 
0057 
0497 
0679 
0326 
0996 
0123 
0532 
0182 
0328 
0592 
0294 
0332 
0292 
0365 
0197 
0476 
0223 
0526 
0367 
0304 
0474 
1011 
0379 
0918 
0422 
0638 
0935 
0247 
0275 
0458 
0682 
0680 
0877 
0966 
0812 
1006 
0718 
0228 
0244 
0765 
0992 
0286 
0953 
0956 
0803 
0516 
0906 
0280 
0138 
0323 
0331 
0839 
0013 
0780 
0795 
0806 
0831 
0674 
0673 
0269 
0186 
0923 
0482 
0227 
0845 
0019 
0125 
0193 
0841 
0556 
0793 
0582 
0879 
0891 
0075 
0283 
0988 
0805 
0501 
0142 
0753 
0562 
0884 
0596 
0034 
0756 
0904 
0851 
1003 
0020 
0760 
0341 
0607 
0693 
0645 
0345 
0729 
0830 
0962 
0938 
0109 
0389 
0775 
0430 
0737 
0231 
0602 
0219 
0454 
0761 
0791 
0147 
0488 
0902 
0240 
0504 
0478 
0885 
0683 
0281 
0715 
0615 
0169 
0909 
0116 
0479 
0568 
0633 
0226 
0748 
0185 
0716 
0657 
0690 
0745 
0566 
0991 
0348 
0813 
0199 
0785 
0878 
0967 
0629 
0352 
0630 
0068 
0452 
0854 
0491 
0639 
0414 
0203 
0161 
0920 
0919 
0027 
0871 
0705 
0835 
1008 
0387 
0050 
0066 
0603 
0119 
0188 
0262 
0419 
0230 
0054 
0217 
0133 
0946 
1009 
0523 
0819 
0435 
0394 
0060 
0494 
0094 
0636 
0404 
0484 
0712 
0315 
0863 
0932 
0277 
0733 
0589 
0475 
0301 
0970 
0980 
0542 
0916 
0468 
0547 
0882 
0907 
0176 
0151 
0940 
0914 
0114 
0093 
0498 
0836 
0926 
0624 
0051 
0965 
0512 
0465 
0181 
0311 
0071 
0382 
0481 
0407 
0412 
0273 
0014 
0117 
0359 
0378 
0365 
0177 
0754 
0527 
0206 
0993 
0580 
0943 
0284 
0750 
0132 
0358 
0067 
0546 
0539 
0614 
0499 
0202 
0881 
0622 
0055 
0097 
0686 
0807 
0840 
0425 
0529 
0101 
0689 
0344 
0922 
0444 
0268 
0214 
0540 
0065 
0195 
0259 
0264 
0485 
0623 
0006 
